0 0 0 0 0 0 0 0 0 
0.001 1.27088e-06 -3.67095e-07 0.00127088 -0.000367095 0 0 0 0 
0.002 1.28227e-05 -7.37899e-06 0.0115519 -0.0070119 0 0 0 0 
0.003 2.30699e-05 -1.97483e-05 0.0102472 -0.0123693 0 0 0 0 
0.004 3.29872e-05 -3.28668e-05 0.00991733 -0.0131185 0 0 0 0 
0.005 4.33111e-05 -4.51829e-05 0.0103239 -0.0123161 0 0 0 0 
0.006 5.41239e-05 -5.64362e-05 0.0108129 -0.0112533 0 0 0 0 
0.007 6.53765e-05 -6.65872e-05 0.0112526 -0.010151 0 0 0 0 
0.008 7.6998e-05 -7.55649e-05 0.0116214 -0.00897768 0 0 0 0 
0.009 8.89325e-05 -8.32677e-05 0.0119345 -0.00770278 0 0 0 0 
0.01 0.000101186 -8.96287e-05 0.0122536 -0.00636101 0 0 0 0 
0.011 0.000113781 -9.46381e-05 0.0125945 -0.00500942 0 0 0 0 
0.012 0.00012673 -9.83179e-05 0.0129499 -0.00367979 0 0 0 0 
0.013 0.000140052 -0.000100703 0.0133212 -0.00238479 0 0 0 0 
0.014 0.00015374 -0.000101819 0.0136888 -0.00111673 0 0 0 0 
0.015 0.00016781 -0.000101693 0.01407 0.000126006 0 0 0 0 
0.016 0.000182267 -0.000100349 0.0144565 0.00134414 0 0 0 0 
0.017 0.000197111 -9.78057e-05 0.0148443 0.00254354 0 0 0 0 
0.018 0.00021234 -9.40735e-05 0.0152287 0.00373222 0 0 0 0 
0.019 0.000227958 -8.91628e-05 0.0156179 0.00491065 0 0 0 0 
0.02 0.00024397 -8.30876e-05 0.0160125 0.00607521 0 0 0 0 
0.021 0.000260381 -7.58634e-05 0.0164112 0.00722428 0 0 0 0 
0.022 0.000277195 -6.75051e-05 0.0168131 0.00835821 0 0 0 0 
0.023 0.000294413 -5.80273e-05 0.017218 0.00947787 0 0 0 0 
0.024 0.000312038 -4.74432e-05 0.0176256 0.010584 0 0 0 0 
0.025 0.000330074 -3.5766e-05 0.018036 0.0116772 0 0 0 0 
0.026 0.000348524 -2.30085e-05 0.0184493 0.0127575 0 0 0 0 
0.027 0.000367389 -9.18351e-06 0.0188657 0.013825 0 0 0 0 
0.028 0.000386674 5.69604e-06 0.0192852 0.0148796 0 0 0 0 
0.029 0.000406382 2.16171e-05 0.0197079 0.0159211 0 0 0 0 
0.03 0.000426516 3.85666e-05 0.0201338 0.0169495 0 0 0 0 
0.031 0.000447079 5.65316e-05 0.0205628 0.017965 0 0 0 0 
0.032 0.000468074 7.54992e-05 0.020995 0.0189676 0 0 0 0 
0.033 0.000489504 9.54566e-05 0.0214302 0.0199574 0 0 0 0 
0.034 0.000511373 0.000116391 0.0218685 0.0209346 0 0 0 0 
0.035 0.000533682 0.000138291 0.0223098 0.0218994 0 0 0 0 
0.036 0.000556437 0.000161143 0.0227541 0.0228519 0 0 0 0 
0.037 0.000579638 0.000184935 0.0232014 0.0237921 0 0 0 0 
0.038 0.00060329 0.000209655 0.0236517 0.0247202 0 0 0 0 
0.039 0.000627395 0.000235291 0.0241051 0.0256363 0 0 0 0 
0.04 0.000651956 0.000261832 0.0245614 0.0265403 0 0 0 0 
0.041 0.000676977 0.000289264 0.0250207 0.0274325 0 0 0 0 
0.042 0.00070246 0.000317577 0.0254829 0.028313 0 0 0 0 
0.043 0.000728408 0.000346759 0.0259482 0.0291817 0 0 0 0 
0.044 0.000754824 0.000376798 0.0264163 0.0300389 0 0 0 0 
0.045 0.000781712 0.000407682 0.0268874 0.0308845 0 0 0 0 
0.046 0.000809073 0.000439401 0.0273614 0.0317188 0 0 0 0 
0.047 0.000836911 0.000471943 0.0278384 0.0325418 0 0 0 0 
0.048 0.00086523 0.000505296 0.0283182 0.0333535 0 0 0 0 
0.049 0.000894031 0.00053945 0.0288009 0.0341541 0 0 0 0 
0.05 0.000923317 0.000574394 0.0292865 0.0349437 0 0 0 0 
0.051 0.000953092 0.000610116 0.029775 0.0357223 0 0 0 0 
0.052 0.000983358 0.000646606 0.0302663 0.0364901 0 0 0 0 
0.053 0.00101412 0.000683854 0.0307605 0.0372471 0 0 0 0 
0.054 0.00104538 0.000721847 0.0312576 0.0379934 0 0 0 0 
0.055 0.00107713 0.000760576 0.0317574 0.0387291 0 0 0 0 
0.056 0.00110939 0.00080003 0.0322601 0.0394543 0 0 0 0 
0.057 0.00114216 0.000840199 0.0327657 0.040169 0 0 0 0 
0.058 0.00117543 0.000881073 0.033274 0.0408734 0 0 0 0 
0.059 0.00120922 0.00092264 0.0337851 0.0415675 0 0 0 0 
0.06 0.00124352 0.000964892 0.034299 0.0422514 0 0 0 0 
0.061 0.00127833 0.00100782 0.0348157 0.0429252 0 0 0 0 
0.062 0.00131367 0.00105141 0.0353352 0.043589 0 0 0 0 
0.063 0.00134953 0.00109565 0.0358574 0.0442428 0 0 0 0 
0.064 0.00138591 0.00114054 0.0363824 0.0448868 0 0 0 0 
0.065 0.00142282 0.00118606 0.0369102 0.0455209 0 0 0 0 
0.066 0.00146026 0.0012322 0.0374406 0.0461453 0 0 0 0 
0.067 0.00149823 0.00127896 0.0379739 0.04676 0 0 0 0 
0.068 0.00153674 0.00132633 0.0385098 0.0473652 0 0 0 0 
0.069 0.00157579 0.00137429 0.0390485 0.0479609 0 0 0 0 
0.07 0.00161538 0.00142284 0.0395899 0.0485472 0 0 0 0 
0.071 0.00165552 0.00147196 0.0401339 0.0491241 0 0 0 0 
0.072 0.0016962 0.00152165 0.0406807 0.0496917 0 0 0 0 
0.073 0.00173743 0.0015719 0.0412302 0.0502501 0 0 0 0 
0.074 0.00177921 0.0016227 0.0417824 0.0507993 0 0 0 0 
0.075 0.00182155 0.00167404 0.0423372 0.0513395 0 0 0 0 
0.076 0.00186444 0.00172591 0.0428947 0.0518707 0 0 0 0 
0.077 0.0019079 0.0017783 0.0434549 0.052393 0 0 0 0 
0.078 0.00195191 0.00183121 0.0440177 0.0529063 0 0 0 0 
0.079 0.0019965 0.00188462 0.0445832 0.0534109 0 0 0 0 
0.08 0.00204165 0.00193853 0.0451513 0.0539068 0 0 0 0 
0.081 0.00208737 0.00199292 0.0457221 0.054394 0 0 0 0 
0.082 0.00213367 0.00204779 0.0462955 0.0548725 0 0 0 0 
0.083 0.00218054 0.00210314 0.0468715 0.0553426 0 0 0 0 
0.084 0.00222799 0.00215894 0.0474501 0.0558041 0 0 0 0 
0.085 0.00227602 0.0022152 0.0480314 0.0562573 0 0 0 0 
0.086 0.00232463 0.0022719 0.0486153 0.056702 0 0 0 0 
0.087 0.00237384 0.00232904 0.0492018 0.0571385 0 0 0 0 
0.088 0.00242363 0.00238661 0.0497909 0.0575668 0 0 0 0 
0.089 0.00247401 0.00244459 0.0503825 0.0579869 0 0 0 0 
0.09 0.00252499 0.00250299 0.0509768 0.0583989 0 0 0 0 
0.091 0.00257656 0.00256179 0.0515737 0.0588029 0 0 0 0 
0.092 0.00262873 0.00262099 0.0521731 0.0591988 0 0 0 0 
0.093 0.00268151 0.00268058 0.0527751 0.0595868 0 0 0 0 
0.094 0.00273489 0.00274055 0.0533797 0.059967 0 0 0 0 
0.095 0.00278887 0.00280089 0.0539869 0.0603393 0 0 0 0 
0.096 0.00284347 0.00286159 0.0545966 0.0607039 0 0 0 0 
0.097 0.00289868 0.00292265 0.0552089 0.0610607 0 0 0 0 
0.098 0.0029545 0.00298406 0.0558238 0.0614099 0 0 0 0 
0.099 0.00301094 0.00304581 0.0564412 0.0617515 0 0 0 0 
0.1 0.00306801 0.0031079 0.0570611 0.0620856 0 0 0 0 
0.101 0.00312569 0.00317031 0.0576836 0.0624122 0 0 0 0 
0.102 0.003184 0.00323304 0.0583087 0.0627313 0 0 0 0 
0.103 0.00324293 0.00329608 0.0589362 0.063043 0 0 0 0 
0.104 0.0033025 0.00335943 0.0595664 0.0633474 0 0 0 0 
0.105 0.0033627 0.00342308 0.060199 0.0636446 0 0 0 0 
0.106 0.00342353 0.00348701 0.0608342 0.0639345 0 0 0 0 
0.107 0.00348501 0.00355123 0.0614719 0.0642172 0 0 0 0 
0.108 0.00354712 0.00361572 0.0621121 0.0644927 0 0 0 0 
0.109 0.00360987 0.00368048 0.0627548 0.0647612 0 0 0 0 
0.11 0.00367327 0.0037455 0.0634001 0.0650226 0 0 0 0 
0.111 0.00373732 0.00381078 0.0640479 0.0652771 0 0 0 0 
0.112 0.00380202 0.00387631 0.0646982 0.0655246 0 0 0 0 
0.113 0.00386737 0.00394207 0.065351 0.0657652 0 0 0 0 
0.114 0.00393338 0.00400807 0.0660063 0.0659989 0 0 0 0 
0.115 0.00400004 0.0040743 0.0666641 0.0662259 0 0 0 0 
0.116 0.00406736 0.00414074 0.0673244 0.0664461 0 0 0 0 
0.117 0.00413535 0.0042074 0.0679873 0.0666595 0 0 0 0 
0.118 0.004204 0.00427427 0.0686526 0.0668663 0 0 0 0 
0.119 0.00427332 0.00434133 0.0693204 0.0670665 0 0 0 0 
0.12 0.00434332 0.00440859 0.0699908 0.06726 0 0 0 0 
0.121 0.00441398 0.00447604 0.0706636 0.0674471 0 0 0 0 
0.122 0.00448532 0.00454367 0.0713389 0.0676276 0 0 0 0 
0.123 0.00455733 0.00461147 0.0720167 0.0678017 0 0 0 0 
0.124 0.00463003 0.00467944 0.072697 0.0679693 0 0 0 0 
0.125 0.00470341 0.00474757 0.0733798 0.0681306 0 0 0 0 
0.126 0.00477748 0.00481586 0.0740651 0.0682855 0 0 0 0 
0.127 0.00485223 0.00488429 0.0747529 0.0684341 0 0 0 0 
0.128 0.00492767 0.00495287 0.0754432 0.0685765 0 0 0 0 
0.129 0.00500381 0.00502158 0.0761359 0.0687126 0 0 0 0 
0.13 0.00505058 0.00499528 0.046776 -0.0262983 0 0 0 0 
0.131 0.00508132 0.00491497 0.0307326 -0.0803064 0 0 0 0 
0.132 0.0051028 0.00479698 0.0214807 -0.117998 0 0 0 0 
0.133 0.0051181 0.00464901 0.0152982 -0.147963 0 0 0 0 
0.134 0.00512889 0.00447732 0.0107931 -0.171695 0 0 0 0 
0.135 0.00513655 0.00428797 0.00766304 -0.189347 0 0 0 0 
0.136 0.00514242 0.00408656 0.00586889 -0.201417 0 0 0 0 
0.137 0.00514757 0.0038779 0.00515134 -0.208656 0 0 0 0 
0.138 0.00515286 0.00366601 0.00528422 -0.211884 0 0 0 0 
0.139 0.00515893 0.00345409 0.00607059 -0.211924 0 0 0 0 
0.14 0.00516629 0.00324452 0.00735802 -0.209569 0 0 0 0 
0.141 0.00517502 0.00303816 0.00873916 -0.206359 0 0 0 0 
0.142 0.00518459 0.00283363 0.00956972 -0.204529 0 0 0 0 
0.143 0.00519485 0.00263066 0.0102523 -0.202974 0 0 0 0 
0.144 0.00520579 0.00242922 0.0109459 -0.201438 0 0 0 0 
0.145 0.00521744 0.00222932 0.0116498 -0.199903 0 0 0 0 
0.146 0.0052298 0.00203094 0.0123599 -0.198382 0 0 0 0 
0.147 0.0052425 0.00183392 0.0126951 -0.197017 0 0 0 0 
0.148 0.00525547 0.00163812 0.0129741 -0.195796 0 0 0 0 
0.149 0.00526871 0.00144351 0.0132402 -0.194617 0 0 0 0 
0.15 0.00528222 0.00125006 0.0135056 -0.193452 0 0 0 0 
0.151 0.00529599 0.00105776 0.0137728 -0.192294 0 0 0 0 
0.152 0.00531003 0.000866616 0.0140422 -0.191145 0 0 0 0 
0.153 0.00532435 0.00067661 0.0143135 -0.190006 0 0 0 0 
0.154 0.00533893 0.000487734 0.0145865 -0.188877 0 0 0 0 
0.155 0.00535379 0.000299977 0.0148612 -0.187757 0 0 0 0 
0.156 0.00536893 0.00011333 0.0151376 -0.186647 0 0 0 0 
0.157 0.00538435 -7.22162e-05 0.0154156 -0.185546 0 0 0 0 
0.158 0.00540004 -0.000256671 0.0156953 -0.184455 0 0 0 0 
0.159 0.00541602 -0.000440044 0.0159766 -0.183373 0 0 0 0 
0.16 0.00543228 -0.000622344 0.0162596 -0.1823 0 0 0 0 
0.161 0.00544882 -0.000803581 0.0165442 -0.181237 0 0 0 0 
0.162 0.00546565 -0.000983763 0.0168305 -0.180182 0 0 0 0 
0.163 0.00548277 -0.0011629 0.0171183 -0.179136 0 0 0 0 
0.164 0.00550018 -0.001341 0.0174078 -0.1781 0 0 0 0 
0.165 0.00551788 -0.00151807 0.0176989 -0.177072 0 0 0 0 
0.166 0.00553587 -0.00169412 0.0179916 -0.176053 0 0 0 0 
0.167 0.00555416 -0.00186917 0.0182859 -0.175043 0 0 0 0 
0.168 0.00557274 -0.00204321 0.0185818 -0.174041 0 0 0 0 
0.169 0.00559162 -0.00221625 0.0188793 -0.173048 0 0 0 0 
0.17 0.0056108 -0.00238832 0.0191784 -0.172063 0 0 0 0 
0.171 0.00563027 -0.0025594 0.0194791 -0.171087 0 0 0 0 
0.172 0.00565006 -0.00272952 0.0197813 -0.170119 0 0 0 0 
0.173 0.00567014 -0.00289868 0.0200852 -0.16916 0 0 0 0 
0.174 0.00569053 -0.00306689 0.0203905 -0.168209 0 0 0 0 
0.175 0.00571123 -0.00323416 0.0206975 -0.167266 0 0 0 0 
0.176 0.00573224 -0.00340049 0.021006 -0.166331 0 0 0 0 
0.177 0.00575355 -0.00356589 0.0213161 -0.165404 0 0 0 0 
0.178 0.00577518 -0.00373038 0.0216277 -0.164485 0 0 0 0 
0.179 0.00579712 -0.00389395 0.0219408 -0.163574 0 0 0 0 
0.18 0.00581938 -0.00405662 0.0222555 -0.162671 0 0 0 0 
0.181 0.00584195 -0.0042184 0.0225718 -0.161776 0 0 0 0 
0.182 0.00586484 -0.00437929 0.0228895 -0.160888 0 0 0 0 
0.183 0.00588805 -0.0045393 0.0232088 -0.160009 0 0 0 0 
0.184 0.00591157 -0.00469843 0.0235296 -0.159137 0 0 0 0 
0.185 0.00593543 -0.0048567 0.023852 -0.158272 0 0 0 0 
0.186 0.0059596 -0.00501412 0.0241758 -0.157415 0 0 0 0 
0.187 0.00597991 -0.00518582 0.0203078 -0.171701 0 0 0 0 
0.188 0.00599815 -0.00536613 0.0182372 -0.180313 0 0 0 0 
0.189 0.00601519 -0.00555299 0.0170439 -0.186854 0 0 0 0 
0.19 0.00603143 -0.00574549 0.0162427 -0.192507 0 0 0 0 
0.191 0.00604708 -0.00594291 0.0156418 -0.197416 0 0 0 0 
0.192 0.00606229 -0.00614444 0.015212 -0.201529 0 0 0 0 
0.193 0.00607724 -0.00634929 0.0149529 -0.204853 0 0 0 0 
0.194 0.0060921 -0.00655675 0.0148568 -0.207454 0 0 0 0 
0.195 0.006107 -0.00676617 0.0149001 -0.209424 0 0 0 0 
0.196 0.00612206 -0.00697703 0.0150579 -0.21086 0 0 0 0 
0.197 0.00613736 -0.00718889 0.0153021 -0.211856 0 0 0 0 
0.198 0.00615297 -0.00740139 0.0156143 -0.212505 0 0 0 0 
0.199 0.00616895 -0.00761428 0.015976 -0.212893 0 0 0 0 
0.2 0.00618532 -0.00782738 0.0163699 -0.213099 0 0 0 0 
0.201 0.0062021 -0.00804058 0.0167822 -0.213193 0 0 0 0 
0.202 0.0062193 -0.00825381 0.0172002 -0.21323 0 0 0 0 
0.203 0.00623691 -0.00846706 0.0176145 -0.213256 0 0 0 0 
0.204 0.00625493 -0.00868037 0.0180184 -0.213307 0 0 0 0 
0.205 0.00627334 -0.00889378 0.0184074 -0.21341 0 0 0 0 
0.206 0.00629212 -0.00910736 0.0187787 -0.213581 0 0 0 0 
0.207 0.00631125 -0.00932119 0.0191308 -0.213833 0 0 0 0 
0.208 0.00633071 -0.00953536 0.0194639 -0.21417 0 0 0 0 
0.209 0.00635049 -0.00974996 0.0197787 -0.214592 0 0 0 0 
0.21 0.00637057 -0.00996505 0.0200767 -0.215096 0 0 0 0 
0.211 0.00639093 -0.0101807 0.02036 -0.215676 0 0 0 0 
0.212 0.00641156 -0.0103971 0.0206308 -0.216322 0 0 0 0 
0.213 0.00643245 -0.0106141 0.0208912 -0.217028 0 0 0 0 
0.214 0.00645359 -0.0108319 0.0211438 -0.217782 0 0 0 0 
0.215 0.00647499 -0.0110504 0.0213905 -0.218576 0 0 0 0 
0.216 0.00649662 -0.0112698 0.0216333 -0.219401 0 0 0 0 
0.217 0.00651849 -0.0114901 0.0218739 -0.220248 0 0 0 0 
0.218 0.00654061 -0.0117112 0.0221139 -0.221112 0 0 0 0 
0.219 0.00656296 -0.0119332 0.0223544 -0.221985 0 0 0 0 
0.22 0.00658556 -0.012156 0.0225963 -0.222862 0 0 0 0 
0.221 0.0066084 -0.0123798 0.0228404 -0.223741 0 0 0 0 
0.222 0.00663148 -0.0126044 0.0230871 -0.224617 0 0 0 0 
0.223 0.00665482 -0.0128299 0.0233369 -0.225489 0 0 0 0 
0.224 0.00667841 -0.0130562 0.0235897 -0.226355 0 0 0 0 
0.225 0.00670226 -0.0132835 0.0238458 -0.227215 0 0 0 0 
0.226 0.00672636 -0.0135115 0.0241049 -0.228068 0 0 0 0 
0.227 0.00675073 -0.0137404 0.024367 -0.228914 0 0 0 0 
0.228 0.00677536 -0.0139702 0.024632 -0.229755 0 0 0 0 
0.229 0.00680026 -0.0142008 0.0248995 -0.23059 0 0 0 0 
0.23 0.00682543 -0.0144322 0.0251694 -0.231421 0 0 0 0 
0.231 0.00685087 -0.0146645 0.0254415 -0.232248 0 0 0 0 
0.232 0.00687659 -0.0148975 0.0257155 -0.233072 0 0 0 0 
0.233 0.00690258 -0.0151314 0.0259912 -0.233895 0 0 0 0 
0.234 0.00692885 -0.0153661 0.0262685 -0.234717 0 0 0 0 
0.235 0.00695539 -0.0156017 0.0265473 -0.235538 0 0 0 0 
0.236 0.00698222 -0.015838 0.0268274 -0.23636 0 0 0 0 
0.237 0.00700933 -0.0160752 0.0271086 -0.237182 0 0 0 0 
0.238 0.00703672 -0.0163132 0.027391 -0.238006 0 0 0 0 
0.239 0.0070644 -0.0165521 0.0276745 -0.238831 0 0 0 0 
0.24 0.00709235 -0.0167917 0.0279591 -0.239658 0 0 0 0 
0.241 0.0071206 -0.0170322 0.0282446 -0.240487 0 0 0 0 
0.242 0.00714913 -0.0172735 0.0285312 -0.241318 0 0 0 0 
0.243 0.00717795 -0.0175157 0.0288188 -0.24215 0 0 0 0 
0.244 0.00720706 -0.0177587 0.0291075 -0.242985 0 0 0 0 
0.245 0.00723645 -0.0180025 0.0293972 -0.243822 0 0 0 0 
0.246 0.00726614 -0.0182471 0.029688 -0.24466 0 0 0 0 
0.247 0.00729612 -0.0184926 0.0299798 -0.2455 0 0 0 0 
0.248 0.00732639 -0.018739 0.0302728 -0.246341 0 0 0 0 
0.249 0.00735696 -0.0189862 0.030567 -0.247184 0 0 0 0 
0.25 0.00738763 -0.0192343 0.0306653 -0.248098 0 0 0 0 
0.251 0.00741833 -0.0194833 0.0307016 -0.249077 0 0 0 0 
0.252 0.00744906 -0.0197334 0.0307316 -0.250067 0 0 0 0 
0.253 0.00747982 -0.0199845 0.0307618 -0.251048 0 0 0 0 
0.254 0.00751061 -0.0202365 0.030792 -0.252019 0 0 0 0 
0.255 0.00754144 -0.0204895 0.0308217 -0.252981 0 0 0 0 
0.256 0.00757229 -0.0207434 0.0308507 -0.253937 0 0 0 0 
0.257 0.00760317 -0.0209983 0.0308792 -0.254889 0 0 0 0 
0.258 0.00763407 -0.0212541 0.0309068 -0.255839 0 0 0 0 
0.259 0.00766501 -0.0215109 0.0309338 -0.256786 0 0 0 0 
0.26 0.00769597 -0.0217686 0.0309599 -0.257732 0 0 0 0 
0.261 0.00772695 -0.0220273 0.0309853 -0.258678 0 0 0 0 
0.262 0.00775796 -0.0222869 0.0310098 -0.259624 0 0 0 0 
0.263 0.00778899 -0.0225475 0.0310336 -0.260571 0 0 0 0 
0.264 0.00782005 -0.022809 0.0310565 -0.261519 0 0 0 0 
0.265 0.00785113 -0.0230715 0.0310786 -0.262467 0 0 0 0 
0.266 0.00788223 -0.0233349 0.0310999 -0.263417 0 0 0 0 
0.267 0.00791335 -0.0235993 0.0311204 -0.264367 0 0 0 0 
0.268 0.00794449 -0.0238646 0.0311402 -0.265318 0 0 0 0 
0.269 0.00797565 -0.0241309 0.0311592 -0.26627 0 0 0 0 
0.27 0.00800683 -0.0243981 0.0311774 -0.267222 0 0 0 0 
0.271 0.00803802 -0.0246663 0.0311949 -0.268174 0 0 0 0 
0.272 0.00806923 -0.0249354 0.0312117 -0.269127 0 0 0 0 
0.273 0.00810046 -0.0252055 0.0312277 -0.270079 0 0 0 0 
0.274 0.0081317 -0.0254765 0.031243 -0.271031 0 0 0 0 
0.275 0.00816296 -0.0257485 0.0312576 -0.271982 0 0 0 0 
0.276 0.00819423 -0.0260214 0.0312714 -0.272932 0 0 0 0 
0.277 0.00822552 -0.0262953 0.0312844 -0.273882 0 0 0 0 
0.278 0.00825681 -0.0265701 0.0312968 -0.274831 0 0 0 0 
0.279 0.00828812 -0.0268459 0.0313084 -0.275779 0 0 0 0 
0.28 0.00831944 -0.0271226 0.0313192 -0.276726 0 0 0 0 
0.281 0.00835077 -0.0274003 0.0313293 -0.277672 0 0 0 0 
0.282 0.00838211 -0.0276789 0.0313386 -0.278616 0 0 0 0 
0.283 0.00841346 -0.0279585 0.0313472 -0.27956 0 0 0 0 
0.284 0.00844481 -0.028239 0.0313549 -0.280503 0 0 0 0 
0.285 0.00847617 -0.0285204 0.0313619 -0.281444 0 0 0 0 
0.286 0.00850754 -0.0288028 0.0313681 -0.282385 0 0 0 0 
0.287 0.00853892 -0.0290861 0.0313736 -0.283324 0 0 0 0 
0.288 0.00857029 -0.0293704 0.0313782 -0.284262 0 0 0 0 
0.289 0.00860168 -0.0296556 0.031382 -0.2852 0 0 0 0 
0.29 0.00863306 -0.0299417 0.0313851 -0.286136 0 0 0 0 
0.291 0.00866445 -0.0302288 0.0313873 -0.287071 0 0 0 0 
0.292 0.00869584 -0.0305168 0.0313887 -0.288006 0 0 0 0 
0.293 0.00872723 -0.0308057 0.0313893 -0.288939 0 0 0 0 
0.294 0.00875862 -0.0310956 0.031389 -0.289871 0 0 0 0 
0.295 0.00879 -0.0313864 0.031388 -0.290803 0 0 0 0 
0.296 0.00882139 -0.0316782 0.0313861 -0.291733 0 0 0 0 
0.297 0.00885277 -0.0319708 0.0313834 -0.292662 0 0 0 0 
0.298 0.00888415 -0.0322644 0.0313798 -0.293591 0 0 0 0 
0.299 0.00891553 -0.0325589 0.0313754 -0.294518 0 0 0 0 
0.3 0.0089469 -0.0328544 0.0313702 -0.295445 0 0 0 0 
0.301 0.00897826 -0.0331507 0.0313641 -0.29637 0 0 0 0 
0.302 0.00900962 -0.033448 0.0313571 -0.297295 0 0 0 0 
0.303 0.00904097 -0.0337463 0.0313493 -0.298218 0 0 0 0 
0.304 0.00907231 -0.0340454 0.0313407 -0.299141 0 0 0 0 
0.305 0.00910364 -0.0343455 0.0313311 -0.300062 0 0 0 0 
0.306 0.00913496 -0.0346464 0.0313207 -0.300983 0 0 0 0 
0.307 0.00916627 -0.0349483 0.0313095 -0.301902 0 0 0 0 
0.308 0.00919757 -0.0352512 0.0312973 -0.30282 0 0 0 0 
0.309 0.00922885 -0.0355549 0.0312843 -0.303738 0 0 0 0 
0.31 0.00926012 -0.0358596 0.0312704 -0.304654 0 0 0 0 
0.311 0.00929138 -0.0361651 0.0312556 -0.305569 0 0 0 0 
0.312 0.00932262 -0.0364716 0.0312399 -0.306483 0 0 0 0 
0.313 0.00935384 -0.036779 0.0312233 -0.307396 0 0 0 0 
0.314 0.00938505 -0.0370873 0.0312058 -0.308308 0 0 0 0 
0.315 0.00941623 -0.0373965 0.0311874 -0.309219 0 0 0 0 
0.316 0.0094474 -0.0377067 0.0311681 -0.310129 0 0 0 0 
0.317 0.00947855 -0.0380177 0.0311479 -0.311038 0 0 0 0 
0.318 0.00950968 -0.0383296 0.0311267 -0.311946 0 0 0 0 
0.319 0.00954078 -0.0386425 0.0311047 -0.312852 0 0 0 0 
0.32 0.00957186 -0.0389563 0.0310817 -0.313758 0 0 0 0 
0.321 0.00960292 -0.0392709 0.0310578 -0.314662 0 0 0 0 
0.322 0.00963395 -0.0395865 0.0310329 -0.315565 0 0 0 0 
0.323 0.00966496 -0.0399029 0.0310071 -0.316467 0 0 0 0 
0.324 0.00969594 -0.0402203 0.0309804 -0.317368 0 0 0 0 
0.325 0.00972689 -0.0405386 0.0309528 -0.318268 0 0 0 0 
0.326 0.00975782 -0.0408578 0.0309241 -0.319167 0 0 0 0 
0.327 0.00978871 -0.0411778 0.0308946 -0.320064 0 0 0 0 
0.328 0.00981958 -0.0414988 0.030864 -0.320961 0 0 0 0 
0.329 0.00985041 -0.0418206 0.0308325 -0.321856 0 0 0 0 
0.33 0.00988121 -0.0421434 0.0308001 -0.32275 0 0 0 0 
0.331 0.00991198 -0.042467 0.0307666 -0.323643 0 0 0 0 
0.332 0.00994271 -0.0427916 0.0307322 -0.324535 0 0 0 0 
0.333 0.00997341 -0.043117 0.0306968 -0.325425 0 0 0 0 
0.334 0.0100041 -0.0434433 0.0306605 -0.326315 0 0 0 0 
0.335 0.0100347 -0.0437705 0.0306231 -0.327203 0 0 0 0 
0.336 0.0100653 -0.0440986 0.0305847 -0.32809 0 0 0 0 
0.337 0.0100958 -0.0444276 0.0305454 -0.328976 0 0 0 0 
0.338 0.0101263 -0.0447574 0.030505 -0.329861 0 0 0 0 
0.339 0.0101568 -0.0450882 0.0304637 -0.330744 0 0 0 0 
0.34 0.0101872 -0.0454198 0.0304213 -0.331627 0 0 0 0 
0.341 0.0102176 -0.0457523 0.030378 -0.332508 0 0 0 0 
0.342 0.0102479 -0.0460857 0.0303336 -0.333388 0 0 0 0 
0.343 0.0102782 -0.04642 0.0302882 -0.334267 0 0 0 0 
0.344 0.0103085 -0.0467551 0.0302417 -0.335144 0 0 0 0 
0.345 0.0103386 -0.0470911 0.0301943 -0.336021 0 0 0 0 
0.346 0.0103688 -0.047428 0.0301458 -0.336896 0 0 0 0 
0.347 0.0103989 -0.0477658 0.0300962 -0.33777 0 0 0 0 
0.348 0.0104289 -0.0481044 0.0300456 -0.338643 0 0 0 0 
0.349 0.0104589 -0.048444 0.029994 -0.339514 0 0 0 0 
0.35 0.0104889 -0.0487843 0.0299413 -0.340384 0 0 0 0 
0.351 0.0105188 -0.0491256 0.0298876 -0.341253 0 0 0 0 
0.352 0.0105486 -0.0494677 0.0298328 -0.342121 0 0 0 0 
0.353 0.0105784 -0.0498107 0.029777 -0.342988 0 0 0 0 
0.354 0.0106081 -0.0501546 0.02972 -0.343853 0 0 0 0 
0.355 0.0106377 -0.0504993 0.029662 -0.344717 0 0 0 0 
0.356 0.0106674 -0.0508448 0.029603 -0.34558 0 0 0 0 
0.357 0.0106969 -0.0511913 0.0295428 -0.346442 0 0 0 0 
0.358 0.0107264 -0.0515386 0.0294816 -0.347302 0 0 0 0 
0.359 0.0107558 -0.0518868 0.0294192 -0.348161 0 0 0 0 
0.36 0.0107851 -0.0522358 0.0293558 -0.349019 0 0 0 0 
0.361 0.0108144 -0.0525856 0.0292913 -0.349876 0 0 0 0 
0.362 0.0108437 -0.0529364 0.0292257 -0.350731 0 0 0 0 
0.363 0.0108728 -0.053288 0.029159 -0.351585 0 0 0 0 
0.364 0.0109019 -0.0536404 0.0290911 -0.352438 0 0 0 0 
0.365 0.0109309 -0.0539937 0.0290222 -0.353289 0 0 0 0 
0.366 0.0109599 -0.0543478 0.0289521 -0.35414 0 0 0 0 
0.367 0.0109888 -0.0547028 0.0288809 -0.354988 0 0 0 0 
0.368 0.0110176 -0.0550587 0.0288086 -0.355836 0 0 0 0 
0.369 0.0110463 -0.0554153 0.0287351 -0.356683 0 0 0 0 
0.37 0.011075 -0.0557729 0.0286605 -0.357528 0 0 0 0 
0.371 0.0111036 -0.0561312 0.0285848 -0.358371 0 0 0 0 
0.372 0.0111321 -0.0564905 0.0285079 -0.359214 0 0 0 0 
0.373 0.0111605 -0.0568505 0.0284298 -0.360055 0 0 0 0 
0.374 0.0111888 -0.0572114 0.0283506 -0.360895 0 0 0 0 
0.375 0.0112171 -0.0575731 0.0282703 -0.361734 0 0 0 0 
0.376 0.0112453 -0.0579357 0.0281888 -0.362571 0 0 0 0 
0.377 0.0112734 -0.0582991 0.0281061 -0.363407 0 0 0 0 
0.378 0.0113014 -0.0586634 0.0280222 -0.364242 0 0 0 0 
0.379 0.0113294 -0.0590284 0.0279372 -0.365075 0 0 0 0 
0.38 0.0113572 -0.0593943 0.027851 -0.365907 0 0 0 0 
0.381 0.011385 -0.0597611 0.0277635 -0.366738 0 0 0 0 
0.382 0.0114127 -0.0601286 0.027675 -0.367568 0 0 0 0 
0.383 0.0114402 -0.060497 0.0275852 -0.368396 0 0 0 0 
0.384 0.0114677 -0.0608663 0.0274942 -0.369223 0 0 0 0 
0.385 0.0114951 -0.0612363 0.027402 -0.370048 0 0 0 0 
0.386 0.0115225 -0.0616072 0.0273086 -0.370872 0 0 0 0 
0.387 0.0115497 -0.0619789 0.0272139 -0.371695 0 0 0 0 
0.388 0.0115768 -0.0623514 0.0271181 -0.372517 0 0 0 0 
0.389 0.0116038 -0.0627247 0.027021 -0.373337 0 0 0 0 
0.39 0.0116307 -0.0630989 0.0269228 -0.374156 0 0 0 0 
0.391 0.0116576 -0.0634739 0.0268232 -0.374974 0 0 0 0 
0.392 0.0116843 -0.0638497 0.0267225 -0.37579 0 0 0 0 
0.393 0.0117109 -0.0642263 0.0266205 -0.376605 0 0 0 0 
0.394 0.0117374 -0.0646037 0.0265172 -0.377418 0 0 0 0 
0.395 0.0117638 -0.0649819 0.0264127 -0.37823 0 0 0 0 
0.396 0.0117901 -0.0653609 0.026307 -0.379041 0 0 0 0 
0.397 0.0118163 -0.0657408 0.0262 -0.379851 0 0 0 0 
0.398 0.0118424 -0.0661215 0.0260917 -0.380659 0 0 0 0 
0.399 0.0118684 -0.0665029 0.0259822 -0.381466 0 0 0 0 
0.4 0.0118943 -0.0668852 0.0258714 -0.382271 0 0 0 0 
0.401 0.01192 -0.0672683 0.0257593 -0.383076 0 0 0 0 
0.402 0.0119457 -0.0676521 0.0256459 -0.383878 0 0 0 0 
0.403 0.0119712 -0.0680368 0.0255312 -0.38468 0 0 0 0 
0.404 0.0119966 -0.0684223 0.0254153 -0.38548 0 0 0 0 
0.405 0.0120219 -0.0688086 0.025298 -0.386279 0 0 0 0 
0.406 0.0120471 -0.0691957 0.0251795 -0.387076 0 0 0 0 
0.407 0.0120722 -0.0695835 0.0250596 -0.387872 0 0 0 0 
0.408 0.0120971 -0.0699722 0.0249384 -0.388667 0 0 0 0 
0.409 0.0121219 -0.0703617 0.024816 -0.38946 0 0 0 0 
0.41 0.0121466 -0.0707519 0.0246922 -0.390252 0 0 0 0 
0.411 0.0121712 -0.071143 0.024567 -0.391042 0 0 0 0 
0.412 0.0121956 -0.0715348 0.0244406 -0.391832 0 0 0 0 
0.413 0.0122199 -0.0719274 0.0243128 -0.392619 0 0 0 0 
0.414 0.0122441 -0.0723208 0.0241836 -0.393406 0 0 0 0 
0.415 0.0122682 -0.072715 0.0240532 -0.394191 0 0 0 0 
0.416 0.0122921 -0.07311 0.0239213 -0.394975 0 0 0 0 
0.417 0.0123159 -0.0735057 0.0237882 -0.395757 0 0 0 0 
0.418 0.0123395 -0.0739023 0.0236536 -0.396538 0 0 0 0 
0.419 0.0123631 -0.0742996 0.0235177 -0.397318 0 0 0 0 
0.42 0.0123864 -0.0746977 0.0233804 -0.398096 0 0 0 0 
0.421 0.0124097 -0.0750966 0.0232418 -0.398873 0 0 0 0 
0.422 0.0124328 -0.0754962 0.0231018 -0.399648 0 0 0 0 
0.423 0.0124557 -0.0758966 0.0229604 -0.400422 0 0 0 0 
0.424 0.0124786 -0.0762978 0.0228176 -0.401195 0 0 0 0 
0.425 0.0125012 -0.0766998 0.0226734 -0.401966 0 0 0 0 
0.426 0.0125238 -0.0771025 0.0225278 -0.402736 0 0 0 0 
0.427 0.0125461 -0.077506 0.0223808 -0.403505 0 0 0 0 
0.428 0.0125684 -0.0779103 0.0222325 -0.404272 0 0 0 0 
0.429 0.0125904 -0.0783153 0.0220827 -0.405038 0 0 0 0 
0.43 0.0126124 -0.0787211 0.0219314 -0.405803 0 0 0 0 
0.431 0.0126342 -0.0791277 0.0217788 -0.406566 0 0 0 0 
0.432 0.0126558 -0.079535 0.0216247 -0.407327 0 0 0 0 
0.433 0.0126773 -0.0799431 0.0214692 -0.408088 0 0 0 0 
0.434 0.0126986 -0.080352 0.0213123 -0.408847 0 0 0 0 
0.435 0.0127197 -0.0807616 0.0211539 -0.409604 0 0 0 0 
0.436 0.0127407 -0.0811719 0.0209941 -0.41036 0 0 0 0 
0.437 0.0127615 -0.0815831 0.0208328 -0.411115 0 0 0 0 
0.438 0.0127822 -0.0819949 0.0206701 -0.411869 0 0 0 0 
0.439 0.0128027 -0.0824075 0.0205059 -0.412621 0 0 0 0 
0.44 0.0128231 -0.0828209 0.0203403 -0.413371 0 0 0 0 
0.441 0.0128432 -0.083235 0.0201731 -0.414121 0 0 0 0 
0.442 0.0128632 -0.0836499 0.0200045 -0.414868 0 0 0 0 
0.443 0.0128831 -0.0840655 0.0198344 -0.415615 0 0 0 0 
0.444 0.0129027 -0.0844819 0.0196629 -0.41636 0 0 0 0 
0.445 0.0129222 -0.084899 0.0194898 -0.417104 0 0 0 0 
0.446 0.0129415 -0.0853168 0.0193153 -0.417846 0 0 0 0 
0.447 0.0129607 -0.0857354 0.0191392 -0.418587 0 0 0 0 
0.448 0.0129796 -0.0861547 0.0189616 -0.419326 0 0 0 0 
0.449 0.0129984 -0.0865748 0.0187826 -0.420065 0 0 0 0 
0.45 0.013017 -0.0869956 0.018602 -0.420801 0 0 0 0 
0.451 0.0130354 -0.0874171 0.0184198 -0.421537 0 0 0 0 
0.452 0.0130537 -0.0878394 0.0182362 -0.422271 0 0 0 0 
0.453 0.0130717 -0.0882624 0.018051 -0.423003 0 0 0 0 
0.454 0.0130896 -0.0886862 0.0178643 -0.423735 0 0 0 0 
0.455 0.0131073 -0.0891106 0.0176761 -0.424465 0 0 0 0 
0.456 0.0131248 -0.0895358 0.0174863 -0.425193 0 0 0 0 
0.457 0.0131421 -0.0899617 0.0172949 -0.42592 0 0 0 0 
0.458 0.0131592 -0.0903884 0.017102 -0.426646 0 0 0 0 
0.459 0.0131761 -0.0908157 0.0169075 -0.42737 0 0 0 0 
0.46 0.0131928 -0.0912438 0.0167115 -0.428093 0 0 0 0 
0.461 0.0132093 -0.0916727 0.0165139 -0.428815 0 0 0 0 
0.462 0.0132256 -0.0921022 0.0163147 -0.429535 0 0 0 0 
0.463 0.0132417 -0.0925324 0.0161139 -0.430254 0 0 0 0 
0.464 0.0132576 -0.0929634 0.0159115 -0.430971 0 0 0 0 
0.465 0.0132733 -0.0933951 0.0157076 -0.431687 0 0 0 0 
0.466 0.0132888 -0.0938275 0.015502 -0.432402 0 0 0 0 
0.467 0.0133041 -0.0942606 0.0152949 -0.433115 0 0 0 0 
0.468 0.0133192 -0.0946944 0.0150861 -0.433827 0 0 0 0 
0.469 0.0133341 -0.095129 0.0148757 -0.434537 0 0 0 0 
0.47 0.0133488 -0.0955642 0.0146637 -0.435246 0 0 0 0 
0.471 0.0133632 -0.0960002 0.0144501 -0.435954 0 0 0 0 
0.472 0.0133774 -0.0964368 0.0142348 -0.43666 0 0 0 0 
0.473 0.0133915 -0.0968742 0.014018 -0.437365 0 0 0 0 
0.474 0.0134053 -0.0973123 0.0137994 -0.438069 0 0 0 0 
0.475 0.0134188 -0.097751 0.0135792 -0.438771 0 0 0 0 
0.476 0.0134322 -0.0981905 0.0133574 -0.439472 0 0 0 0 
0.477 0.0134453 -0.0986307 0.0131339 -0.440172 0 0 0 0 
0.478 0.0134582 -0.0990716 0.0129088 -0.44087 0 0 0 0 
0.479 0.0134709 -0.0995131 0.012682 -0.441566 0 0 0 0 
0.48 0.0134834 -0.0999554 0.0124535 -0.442262 0 0 0 0 
0.481 0.0134956 -0.100398 0.0122233 -0.442956 0 0 0 0 
0.482 0.0135076 -0.100842 0.0119915 -0.443648 0 0 0 0 
0.483 0.0135194 -0.101286 0.0117579 -0.44434 0 0 0 0 
0.484 0.0135309 -0.101731 0.0115227 -0.44503 0 0 0 0 
0.485 0.0135422 -0.102177 0.0112858 -0.445718 0 0 0 0 
0.486 0.0135532 -0.102623 0.0110471 -0.446405 0 0 0 0 
0.487 0.013564 -0.103071 0.0108068 -0.447091 0 0 0 0 
0.488 0.0135746 -0.103518 0.0105647 -0.447775 0 0 0 0 
0.489 0.0135849 -0.103967 0.0103209 -0.448459 0 0 0 0 
0.49 0.013595 -0.104416 0.0100754 -0.44914 0 0 0 0 
0.491 0.0136048 -0.104866 0.00982819 -0.449821 0 0 0 0 
0.492 0.0136144 -0.105316 0.00957922 -0.4505 0 0 0 0 
0.493 0.0136237 -0.105767 0.0093285 -0.451177 0 0 0 0 
0.494 0.0136328 -0.106219 0.00907604 -0.451854 0 0 0 0 
0.495 0.0136416 -0.106672 0.00882182 -0.452529 0 0 0 0 
0.496 0.0136502 -0.107125 0.00856584 -0.453202 0 0 0 0 
0.497 0.0136585 -0.107579 0.0083081 -0.453874 0 0 0 0 
0.498 0.0136665 -0.108033 0.0080486 -0.454545 0 0 0 0 
0.499 0.0136743 -0.108489 0.00778731 -0.455215 0 0 0 0 
0.5 0.0136818 -0.108945 0.00752425 -0.455883 0 0 0 0 
0.501 0.0136891 -0.109401 0.0072594 -0.45655 0 0 0 0 
0.502 0.0136961 -0.109858 0.00699276 -0.457215 0 0 0 0 
0.503 0.0137028 -0.110316 0.00672432 -0.45788 0 0 0 0 
0.504 0.0137093 -0.110775 0.00645408 -0.458542 0 0 0 0 
0.505 0.0137155 -0.111234 0.00618204 -0.459204 0 0 0 0 
0.506 0.0137214 -0.111694 0.00590818 -0.459864 0 0 0 0 
0.507 0.013727 -0.112154 0.0056325 -0.460523 0 0 0 0 
0.508 0.0137324 -0.112616 0.005355 -0.46118 0 0 0 0 
0.509 0.0137374 -0.113077 0.00507567 -0.461837 0 0 0 0 
0.51 0.0137422 -0.11354 0.0047945 -0.462492 0 0 0 0 
0.511 0.0137467 -0.114003 0.00451149 -0.463145 0 0 0 0 
0.512 0.013751 -0.114467 0.00422664 -0.463797 0 0 0 0 
0.513 0.0137549 -0.114931 0.00393994 -0.464448 0 0 0 0 
0.514 0.0137586 -0.115396 0.00365137 -0.465098 0 0 0 0 
0.515 0.0137619 -0.115862 0.00336095 -0.465746 0 0 0 0 
0.516 0.013765 -0.116328 0.00306866 -0.466393 0 0 0 0 
0.517 0.0137678 -0.116796 0.00277449 -0.467039 0 0 0 0 
0.518 0.0137702 -0.117263 0.00247844 -0.467683 0 0 0 0 
0.519 0.0137724 -0.117732 0.00218051 -0.468326 0 0 0 0 
0.52 0.0137743 -0.1182 0.00188069 -0.468968 0 0 0 0 
0.521 0.0137759 -0.11867 0.00157897 -0.469608 0 0 0 0 
0.522 0.0137771 -0.11914 0.00127536 -0.470247 0 0 0 0 
0.523 0.0137781 -0.119611 0.000969829 -0.470885 0 0 0 0 
0.524 0.0137788 -0.120083 0.00066239 -0.471522 0 0 0 0 
0.525 0.0137791 -0.120555 0.000353033 -0.472157 0 0 0 0 
0.526 0.0137792 -0.121028 4.17515e-05 -0.472791 0 0 0 0 
0.527 0.0137789 -0.121501 -0.00027146 -0.473423 0 0 0 0 
0.528 0.0137783 -0.121975 -0.000586606 -0.474055 0 0 0 0 
0.529 0.0137774 -0.12245 -0.000903693 -0.474685 0 0 0 0 
0.53 0.0137762 -0.122925 -0.00122273 -0.475314 0 0 0 0 
0.531 0.0137746 -0.123401 -0.00154371 -0.475941 0 0 0 0 
0.532 0.0137728 -0.123878 -0.00186666 -0.476567 0 0 0 0 
0.533 0.0137706 -0.124355 -0.00219156 -0.477192 0 0 0 0 
0.534 0.0137681 -0.124833 -0.00251844 -0.477816 0 0 0 0 
0.535 0.0137652 -0.125311 -0.00284729 -0.478439 0 0 0 0 
0.536 0.013762 -0.12579 -0.00317812 -0.47906 0 0 0 0 
0.537 0.0137585 -0.12627 -0.00351093 -0.47968 0 0 0 0 
0.538 0.0137547 -0.12675 -0.00384574 -0.480298 0 0 0 0 
0.539 0.0137505 -0.127231 -0.00418255 -0.480916 0 0 0 0 
0.54 0.013746 -0.127713 -0.00452136 -0.481532 0 0 0 0 
0.541 0.0137411 -0.128195 -0.00486217 -0.482147 0 0 0 0 
0.542 0.0137359 -0.128678 -0.005205 -0.482761 0 0 0 0 
0.543 0.0137304 -0.129161 -0.00554985 -0.483373 0 0 0 0 
0.544 0.0137245 -0.129645 -0.00589673 -0.483984 0 0 0 0 
0.545 0.0137182 -0.130129 -0.00624564 -0.484594 0 0 0 0 
0.546 0.0137116 -0.130615 -0.00659658 -0.485203 0 0 0 0 
0.547 0.0137047 -0.1311 -0.00694957 -0.48581 0 0 0 0 
0.548 0.0136974 -0.131587 -0.0073046 -0.486417 0 0 0 0 
0.549 0.0136897 -0.132074 -0.00766169 -0.487022 0 0 0 0 
0.55 0.0136817 -0.132562 -0.00802084 -0.487626 0 0 0 0 
0.551 0.0136733 -0.13305 -0.00838205 -0.488228 0 0 0 0 
0.552 0.0136646 -0.133539 -0.00874534 -0.48883 0 0 0 0 
0.553 0.0136555 -0.134028 -0.0091107 -0.48943 0 0 0 0 
0.554 0.013646 -0.134518 -0.00947814 -0.490029 0 0 0 0 
0.555 0.0136361 -0.135009 -0.00984767 -0.490627 0 0 0 0 
0.556 0.0136259 -0.1355 -0.0102193 -0.491223 0 0 0 0 
0.557 0.0136153 -0.135992 -0.010593 -0.491819 0 0 0 0 
0.558 0.0136043 -0.136484 -0.0109689 -0.492413 0 0 0 0 
0.559 0.013593 -0.136977 -0.0113468 -0.493006 0 0 0 0 
0.56 0.0135813 -0.137471 -0.0117269 -0.493598 0 0 0 0 
0.561 0.0135692 -0.137965 -0.012109 -0.494188 0 0 0 0 
0.562 0.0135567 -0.13846 -0.0124933 -0.494778 0 0 0 0 
0.563 0.0135438 -0.138955 -0.0128798 -0.495366 0 0 0 0 
0.564 0.0135305 -0.139451 -0.0132684 -0.495953 0 0 0 0 
0.565 0.0135169 -0.139948 -0.0136591 -0.496539 0 0 0 0 
0.566 0.0135028 -0.140445 -0.014052 -0.497124 0 0 0 0 
0.567 0.0134884 -0.140942 -0.014447 -0.497708 0 0 0 0 
0.568 0.0134735 -0.141441 -0.0148442 -0.49829 0 0 0 0 
0.569 0.0134583 -0.14194 -0.0152436 -0.498872 0 0 0 0 
0.57 0.0134426 -0.142439 -0.0156451 -0.499452 0 0 0 0 
0.571 0.0134266 -0.142939 -0.0160488 -0.500031 0 0 0 0 
0.572 0.0134101 -0.14344 -0.0164547 -0.500609 0 0 0 0 
0.573 0.0133933 -0.143941 -0.0168628 -0.501186 0 0 0 0 
0.574 0.013376 -0.144443 -0.0172731 -0.501762 0 0 0 0 
0.575 0.0133583 -0.144945 -0.0176856 -0.502336 0 0 0 0 
0.576 0.0133402 -0.145448 -0.0181003 -0.50291 0 0 0 0 
0.577 0.0133217 -0.145951 -0.0185172 -0.503482 0 0 0 0 
0.578 0.0133028 -0.146455 -0.0189363 -0.504054 0 0 0 0 
0.579 0.0132834 -0.14696 -0.0193577 -0.504624 0 0 0 0 
0.58 0.0132636 -0.147465 -0.0197813 -0.505193 0 0 0 0 
0.581 0.0132434 -0.147971 -0.0202071 -0.505761 0 0 0 0 
0.582 0.0132228 -0.148477 -0.0206352 -0.506328 0 0 0 0 
0.583 0.0132017 -0.148984 -0.0210655 -0.506893 0 0 0 0 
0.584 0.0131802 -0.149492 -0.0214981 -0.507458 0 0 0 0 
0.585 0.0131583 -0.15 -0.0219329 -0.508022 0 0 0 0 
0.586 0.0131359 -0.150508 -0.02237 -0.508584 0 0 0 0 
0.587 0.0131131 -0.151017 -0.0228094 -0.509146 0 0 0 0 
0.588 0.0130898 -0.151527 -0.023251 -0.509706 0 0 0 0 
0.589 0.0130662 -0.152037 -0.0236949 -0.510266 0 0 0 0 
0.59 0.013042 -0.152548 -0.0241412 -0.510824 0 0 0 0 
0.591 0.0130174 -0.15306 -0.0245897 -0.511382 0 0 0 0 
0.592 0.0129924 -0.153572 -0.0250405 -0.511938 0 0 0 0 
0.593 0.0129669 -0.154084 -0.0254936 -0.512493 0 0 0 0 
